ambient[]={3.0899048e-007,0.80000001,100,1};
diffuse[]={0,0.80099946,0.99999911,1};
forcedDiffuse[]={0,0,0,1};
emmisive[]={10,10,10,0};
specular[]={0,0,0,1};
specularPower=8;
PixelShaderID="Collimator";
VertexShaderID="Basic";
